overNight=1
myMagic=20161028
baseLots=0.10000000
accountSize=1000.00000000
fixedTakeProfit=0.00000000
initialStop=2.00000000
trailInProfit=0.50000000
extremeCandles=30
buffer=0.00000000
orderExpiryInMin=900
maxPositions=10
initialStopAtXCandleExtreme=0
trailWithXCandleExtreme=0
