overNight=1
myMagic=20161028
baseLots=1.00000000
accountSize=1000.00000000
fixedTakeProfit=15.00000000
initialStop=20.00000000
trailInProfit=2.00000000
extremeCandles=15
buffer=2.00000000
orderExpiryInMin=900
maxPositions=4
initialStopAtXCandleExtreme=0
trailWithXCandleExtreme=0
